batch_size: 8
block_size: 32
context: baseline
cpu:
  latency_ms: 67.03641540370882
  throughput_imgs_per_sec: 119.33812319501494
epochs: 30
fpga:
  latency_ms: 28.42624
  throughput_imgs_per_sec: 281.43011527377524
giga_macs: 4.270055424
gpu:
  latency_ms: 5.374387791380286
  throughput_imgs_per_sec: 1488.5416368410934
million_params: 21.974632
retained_heads_ratio: 1.0
test_accuracy: 0.7959
