batch_size: 8
block_prune_density: 0.5
block_size: 16
context: simprune
cpu:
  latency_ms: 38.44339116476476
  throughput_imgs_per_sec: 208.0981869084533
epochs: 30
fpga:
  latency_ms: 6.94712
  throughput_imgs_per_sec: 1151.5563283778026
giga_macs: 1.324498944
gpu:
  latency_ms: 6.277239043265581
  throughput_imgs_per_sec: 1274.4456511629346
million_params: 14.296552
retained_heads_ratio: 0.9166666666666666
test_accuracy: 0.6686799999999999
token_keep_rate: 0.5
