batch_size: 8
block_prune_density: 0.5
block_size: 16
context: simprune
cpu:
  latency_ms: 44.86455009318888
  throughput_imgs_per_sec: 178.31450406575058
epochs: 30
fpga:
  latency_ms: 9.355306666666667
  throughput_imgs_per_sec: 855.1296376530681
giga_macs: 1.799061504
gpu:
  latency_ms: 6.321424059569836
  throughput_imgs_per_sec: 1265.5376264291292
million_params: 14.296552
retained_heads_ratio: 0.9166666666666666
test_accuracy: 0.68626
token_keep_rate: 0.7
