batch_size: 8
block_prune_density: 0.5
block_size: 32
context: simprune
cpu:
  latency_ms: 52.126437379047275
  throughput_imgs_per_sec: 153.4729861131019
epochs: 30
fpga:
  latency_ms: 15.994533333333333
  throughput_imgs_per_sec: 500.17089172133814
giga_macs: 2.319307776
gpu:
  latency_ms: 6.343478430062532
  throughput_imgs_per_sec: 1261.137731955863
million_params: 13.804072
retained_heads_ratio: 0.8472222222222222
test_accuracy: 0.7006
token_keep_rate: 0.9
