batch_size: 8
block_prune_density: 0.7
block_size: 32
context: simprune
cpu:
  latency_ms: 51.663508638739586
  throughput_imgs_per_sec: 154.848174481151
epochs: 30
fpga:
  latency_ms: 18.82624
  throughput_imgs_per_sec: 424.93880881153115
giga_macs: 2.16121344
gpu:
  latency_ms: 6.271071312949061
  throughput_imgs_per_sec: 1275.6990952217197
million_params: 17.335768
retained_heads_ratio: 0.9444444444444444
test_accuracy: 0.75654
token_keep_rate: 0.7
