batch_size: 1
block_size: 16
context: baseline
cpu:
  latency_ms: 36.197522981092334
  throughput_imgs_per_sec: 27.626199740859256
epochs: 30
fpga:
  latency_ms: 3.19488
  throughput_imgs_per_sec: 313.00080128205127
giga_macs: 4.270055424
gpu:
  latency_ms: 4.100425494834781
  throughput_imgs_per_sec: 243.87712964415007
million_params: 21.974632
retained_heads_ratio: 1.0
test_accuracy: 0.7959
