batch_size: 1
block_prune_density: 0.7
block_size: 16
context: simprune
cpu:
  latency_ms: 23.772929841652513
  throughput_imgs_per_sec: 42.06465112465446
epochs: 30
fpga:
  latency_ms: 1.9533433333333334
  throughput_imgs_per_sec: 511.942771624036
giga_macs: 2.986285056
gpu:
  latency_ms: 5.04032289609313
  throughput_imgs_per_sec: 198.3999875831612
million_params: 17.631256
retained_heads_ratio: 0.9861111111111112
test_accuracy: 0.7655
token_keep_rate: 0.9
