batch_size: 1
block_prune_density: 0.5
block_size: 32
context: simprune
cpu:
  latency_ms: 19.97392186895013
  throughput_imgs_per_sec: 50.06528044722757
epochs: 30
fpga:
  latency_ms: 1.7964
  throughput_imgs_per_sec: 556.66889334224
giga_macs: 1.704296448
gpu:
  latency_ms: 4.94706304743886
  throughput_imgs_per_sec: 202.14013656399814
million_params: 13.705576
retained_heads_ratio: 0.8333333333333334
test_accuracy: 0.6861999999999999
token_keep_rate: 0.7
