batch_size: 1
block_prune_density: 0.5
block_size: 16
context: simprune
cpu:
  latency_ms: 24.071524245664477
  throughput_imgs_per_sec: 41.54286159008439
epochs: 30
fpga:
  latency_ms: 1.47905
  throughput_imgs_per_sec: 676.1096649876611
giga_macs: 2.43098112
gpu:
  latency_ms: 5.936653399839997
  throughput_imgs_per_sec: 168.4450704208118
million_params: 14.395048
retained_heads_ratio: 0.9305555555555556
test_accuracy: 0.70146
token_keep_rate: 0.9
