batch_size: 1
block_prune_density: 0.5
block_size: 32
context: simprune
cpu:
  latency_ms: 18.075064942240715
  throughput_imgs_per_sec: 55.32483579978954
epochs: 30
fpga:
  latency_ms: 1.62129
  throughput_imgs_per_sec: 616.7928007944291
giga_macs: 1.251065856
gpu:
  latency_ms: 5.9456757735461
  throughput_imgs_per_sec: 168.18946038888754
million_params: 13.804072
retained_heads_ratio: 0.8472222222222222
test_accuracy: 0.67258
token_keep_rate: 0.5
