batch_size: 1
block_prune_density: 0.5
block_size: 32
context: simprune
cpu:
  latency_ms: 22.507614316418767
  throughput_imgs_per_sec: 44.429408907656814
epochs: 30
fpga:
  latency_ms: 1.9993166666666666
  throughput_imgs_per_sec: 500.17089172133814
giga_macs: 2.319307776
gpu:
  latency_ms: 4.95698032900691
  throughput_imgs_per_sec: 201.7357208678578
million_params: 13.804072
retained_heads_ratio: 0.8472222222222222
test_accuracy: 0.7006
token_keep_rate: 0.9
