batch_size: 1
block_prune_density: 0.7
block_size: 16
context: simprune
cpu:
  latency_ms: 18.25353130698204
  throughput_imgs_per_sec: 54.7839200635932
epochs: 30
fpga:
  latency_ms: 1.14018
  throughput_imgs_per_sec: 877.0545001666404
giga_macs: 1.624866816
gpu:
  latency_ms: 5.041041783988476
  throughput_imgs_per_sec: 198.37169435417758
million_params: 17.631256
retained_heads_ratio: 0.9861111111111112
test_accuracy: 0.74124
token_keep_rate: 0.5
