batch_size: 1
block_prune_density: 0.5
block_size: 16
context: simprune
cpu:
  latency_ms: 21.505283005535603
  throughput_imgs_per_sec: 46.5002018221566
epochs: 30
fpga:
  latency_ms: 1.1694133333333334
  throughput_imgs_per_sec: 855.1296376530681
giga_macs: 1.799061504
gpu:
  latency_ms: 5.980952130630612
  throughput_imgs_per_sec: 167.19745922704172
million_params: 14.296552
retained_heads_ratio: 0.9166666666666666
test_accuracy: 0.68626
token_keep_rate: 0.7
