batch_size: 1
block_prune_density: 0.5
block_size: 16
context: simprune
cpu:
  latency_ms: 18.461964186280966
  throughput_imgs_per_sec: 54.1654176072499
epochs: 30
fpga:
  latency_ms: 0.86839
  throughput_imgs_per_sec: 1151.5563283778026
giga_macs: 1.324498944
gpu:
  latency_ms: 6.04334413073957
  throughput_imgs_per_sec: 165.47129840140718
million_params: 14.296552
retained_heads_ratio: 0.9166666666666666
test_accuracy: 0.6686799999999999
token_keep_rate: 0.5
