batch_size: 1
block_prune_density: 0.7
block_size: 32
context: simprune
cpu:
  latency_ms: 25.230059679597616
  throughput_imgs_per_sec: 39.63526098230572
epochs: 30
fpga:
  latency_ms: 2.5905066666666667
  throughput_imgs_per_sec: 386.02487029564355
giga_macs: 2.931431424
gpu:
  latency_ms: 6.079543801024556
  throughput_imgs_per_sec: 164.4860260454863
million_params: 17.335768
retained_heads_ratio: 0.9444444444444444
test_accuracy: 0.7640399999999999
token_keep_rate: 0.9
