batch_size: 8
block_size: 32
context: baseline
cpu:
  latency_ms: 71.46793780848384
  throughput_imgs_per_sec: 111.93830751683356
epochs: 30
fpga:
  latency_ms: 28.42624
  throughput_imgs_per_sec: 281.43011527377524
giga_macs: 4.270055424
gpu:
  latency_ms: 5.323271406814456
  throughput_imgs_per_sec: 1502.8352658778576
million_params: 21.974632
retained_heads_ratio: 1.0
test_accuracy: 0.7959
