batch_size: 8
block_prune_density: 0.7
block_size: 32
context: simprune
cpu:
  latency_ms: 41.29449217580259
  throughput_imgs_per_sec: 193.73043663890303
epochs: 30
fpga:
  latency_ms: 17.00928
  throughput_imgs_per_sec: 470.33148963389397
giga_macs: 1.614938112
gpu:
  latency_ms: 6.229562545195222
  throughput_imgs_per_sec: 1284.1993224982216
million_params: 17.53276
retained_heads_ratio: 0.9722222222222222
test_accuracy: 0.73458
token_keep_rate: 0.5
