batch_size: 8
block_prune_density: 0.7
block_size: 32
context: simprune
cpu:
  latency_ms: 51.274998066946864
  throughput_imgs_per_sec: 156.0214588317459
epochs: 30
fpga:
  latency_ms: 18.82624
  throughput_imgs_per_sec: 424.93880881153115
giga_macs: 2.16121344
gpu:
  latency_ms: 6.213641399517655
  throughput_imgs_per_sec: 1287.489812434463
million_params: 17.335768
retained_heads_ratio: 0.9444444444444444
test_accuracy: 0.75654
token_keep_rate: 0.7
