batch_size: 8
block_prune_density: 0.5
block_size: 32
context: simprune
cpu:
  latency_ms: 37.90950896218419
  throughput_imgs_per_sec: 211.02884788036232
epochs: 30
fpga:
  latency_ms: 12.97032
  throughput_imgs_per_sec: 616.7928007944291
giga_macs: 1.251065856
gpu:
  latency_ms: 6.312683364376426
  throughput_imgs_per_sec: 1267.2899206612194
million_params: 13.804072
retained_heads_ratio: 0.8472222222222222
test_accuracy: 0.67258
token_keep_rate: 0.5
