batch_size: 8
block_prune_density: 0.5
block_size: 16
context: simprune
cpu:
  latency_ms: 42.584348656237125
  throughput_imgs_per_sec: 187.8624483511568
epochs: 30
fpga:
  latency_ms: 6.94712
  throughput_imgs_per_sec: 1151.5563283778026
giga_macs: 1.324498944
gpu:
  latency_ms: 6.200808612629771
  throughput_imgs_per_sec: 1290.1543169233842
million_params: 14.296552
retained_heads_ratio: 0.9166666666666666
test_accuracy: 0.6686799999999999
token_keep_rate: 0.5
