batch_size: 8
block_prune_density: 0.7
block_size: 16
context: simprune
cpu:
  latency_ms: 70.76803743839264
  throughput_imgs_per_sec: 113.04538446420007
epochs: 30
fpga:
  latency_ms: 15.626746666666667
  throughput_imgs_per_sec: 511.942771624036
giga_macs: 2.986285056
gpu:
  latency_ms: 6.296585034579039
  throughput_imgs_per_sec: 1270.5299707803986
million_params: 17.631256
retained_heads_ratio: 0.9861111111111112
test_accuracy: 0.7655
token_keep_rate: 0.9
