batch_size: 8
block_prune_density: 0.7
block_size: 32
context: simprune
cpu:
  latency_ms: 59.74258864298463
  throughput_imgs_per_sec: 133.90782324159323
epochs: 30
fpga:
  latency_ms: 20.724053333333334
  throughput_imgs_per_sec: 386.02487029564355
giga_macs: 2.931431424
gpu:
  latency_ms: 6.331026507541537
  throughput_imgs_per_sec: 1263.6181495165715
million_params: 17.335768
retained_heads_ratio: 0.9444444444444444
test_accuracy: 0.7640399999999999
token_keep_rate: 0.9
